2
48
304
0
48
336
1
154
0
1
2
3
4
5
6
7
8
9
10
11
12
13
14
15
16
17
18
19
20
21
22
23
24
25
26
27
28
29
30
31
61
62
64
66
68
70
72
74
76
78
80
82
84
86
88
90
92
93
123
124
126
128
130
132
134
136
138
140
142
144
146
148
150
152
154
155
185
186
188
190
192
194
196
198
200
202
204
206
208
210
212
214
216
217
247
248
250
252
254
256
258
260
262
264
266
268
270
272
274
276
278
279
309
310
312
314
316
318
320
322
324
326
328
330
332
334
336
338
340
341
371
372
373
374
375
376
377
378
379
380
381
382
383
384
385
386
387
388
389
390
391
392
393
394
395
396
397
398
399
400
401
402
20
2
0
2
